-6.283185307179586232e+00 1.519574363584746644e-33
-6.156252270670907301e+00 4.228465762980258987e-04
-6.029319234162229257e+00 1.735093351371293875e-03
-5.902386197653550326e+00 3.964990393907333668e-03
-5.775453161144872283e+00 7.086828873449056015e-03
-5.648520124636193351e+00 1.101806057587355857e-02
-5.521587088127515308e+00 1.561959556606637607e-02
-5.394654051618836377e+00 2.069951490639140509e-02
-5.267721015110158334e+00 2.602026403187891745e-02
-5.140787978601479402e+00 3.130920717208991733e-02
-5.013854942092801359e+00 3.627223324027365609e-02
-4.886921905584122428e+00 4.060991870272260412e-02
-4.759988869075444384e+00 4.403558309677003957e-02
-4.633055832566765453e+00 4.629442774704829733e-02
-4.506122796058086521e+00 4.718283663804762051e-02
-4.379189759549408478e+00 4.656684778318955636e-02
-4.252256723040730435e+00 4.439877943763116674e-02
-4.125323686532051504e+00 4.073102162824859124e-02
-3.998390650023373016e+00 3.572608079651183599e-02
-3.871457613514694529e+00 2.966209238359084066e-02
-3.744524577006016042e+00 2.293318886994829067e-02
-3.617591540497337554e+00 1.604432259082509346e-02
-3.490658503988659067e+00 9.600384846869404465e-03
-3.363725467479980580e+00 4.289724830919199733e-03
-3.236792430971301648e+00 8.624417378959327567e-04
-3.109859394462623161e+00 1.040883359524500599e-04
-2.982926357953944674e+00 2.805671267996081956e-03
-2.855993321445266186e+00 9.731049871313490404e-03
-2.729060284936587699e+00 2.158300986518397330e-02
-2.602127248427909212e+00 3.896941104352963370e-02
-2.475194211919230725e+00 6.237087149765289246e-02
-2.348261175410552237e+00 9.211144988526363819e-02
-2.221328138901873750e+00 1.283337197965137844e-01
-2.094395102393194819e+00 1.709794973964451903e-01
-1.967462065884516775e+00 2.197772894301143753e-01
-1.840529029375837844e+00 2.742372805474502795e-01
-1.713595992867159801e+00 3.336543866455732310e-01
-1.586662956358480869e+00 3.971195767428041257e-01
-1.459729919849802826e+00 4.635393237565932356e-01
-1.332796883341123895e+00 5.316626995475990380e-01
-1.205863846832445851e+00 6.001152972292965737e-01
-1.078930810323766920e+00 6.674388592360609440e-01
-9.519977738150888769e-01 7.321352271693688518e-01
-8.250647373064099455e-01 7.927130214606941117e-01
-6.981317007977319022e-01 8.477353155308678945e-01
-5.711986642890529708e-01 8.958664976856164364e-01
-4.442656277803749276e-01 9.359165185540159193e-01
-3.173325912716959962e-01 9.668808031087035015e-01
-1.903995547630170648e-01 9.879742613706846699e-01
-6.346651825433902161e-02 9.986580545805877618e-01
6.346651825433990979e-02 9.986580545805879838e-01
1.903995547630179530e-01 9.879742613706844478e-01
3.173325912716968844e-01 9.668808031087032795e-01
4.442656277803749276e-01 9.359165185540159193e-01
5.711986642890538590e-01 8.958664976856158813e-01
6.981317007977319022e-01 8.477353155308678945e-01
8.250647373064108336e-01 7.927130214606935565e-01
9.519977738150888769e-01 7.321352271693688518e-01
1.078930810323767808e+00 6.674388592360603889e-01
1.205863846832445851e+00 6.001152972292965737e-01
1.332796883341124783e+00 5.316626995475984829e-01
1.459729919849802826e+00 4.635393237565932356e-01
1.586662956358481757e+00 3.971195767428035706e-01
1.713595992867159801e+00 3.336543866455732310e-01
1.840529029375838732e+00 2.742372805474499464e-01
1.967462065884516775e+00 2.197772894301143753e-01
2.094395102393196595e+00 1.709794973964445519e-01
2.221328138901874638e+00 1.283337197965135068e-01
2.348261175410552681e+00 9.211144988526351329e-02
2.475194211919230725e+00 6.237087149765289246e-02
2.602127248427910544e+00 3.896941104352942553e-02
2.729060284936588587e+00 2.158300986518387268e-02
2.855993321445266631e+00 9.731049871313460914e-03
2.982926357953944674e+00 2.805671267996081956e-03
3.109859394462624493e+00 1.040883359524412101e-04
3.236792430971302537e+00 8.624417378959482608e-04
3.363725467479980580e+00 4.289724830919199733e-03
3.490658503988658623e+00 9.600384846869380179e-03
3.617591540497338443e+00 1.604432259082514203e-02
3.744524577006016486e+00 2.293318886994831843e-02
3.871457613514694529e+00 2.966209238359084066e-02
3.998390650023374349e+00 3.572608079651189150e-02
4.125323686532052392e+00 4.073102162824862593e-02
4.252256723040730435e+00 4.439877943763116674e-02
4.379189759549408478e+00 4.656684778318955636e-02
4.506122796058088298e+00 4.718283663804762051e-02
4.633055832566766341e+00 4.629442774704828345e-02
4.759988869075444384e+00 4.403558309677003957e-02
4.886921905584122428e+00 4.060991870272260412e-02
5.013854942092802247e+00 3.627223324027362833e-02
5.140787978601480290e+00 3.130920717208988263e-02
5.267721015110158334e+00 2.602026403187891745e-02
5.394654051618836377e+00 2.069951490639140509e-02
5.521587088127516196e+00 1.561959556606634138e-02
5.648520124636194240e+00 1.101806057587352561e-02
5.775453161144872283e+00 7.086828873449056015e-03
5.902386197653552102e+00 3.964990393907296372e-03
6.029319234162230146e+00 1.735093351371281081e-03
6.156252270670908189e+00 4.228465762980197187e-04
6.283185307179586232e+00 1.519574363584746644e-33
